  Summary of Regression Results   
==================================
Model:                         VAR
Method:                        OLS
Date:           Wed, 20, May, 2026
Time:                     11:02:09
--------------------------------------------------------------------
No. of Equations:         3.00000    BIC:                   -27.7162
Nobs:                     6502.00    HQIC:                  -27.8410
Log likelihood:           63230.9    FPE:                7.58820e-13
AIC:                     -27.9070    Det(Omega_mle):     7.37857e-13
--------------------------------------------------------------------
Results for equation oil_ret
===================================================================================
                      coefficient       std. error           t-stat            prob
-----------------------------------------------------------------------------------
const                    0.000218         0.000328            0.664           0.506
L1.oil_ret              -0.016504         0.012975           -1.272           0.203
L1.nok_strength          0.148672         0.073583            2.020           0.043
L1.sek_strength         -0.109281         0.075309           -1.451           0.147
L2.oil_ret              -0.031326         0.013003           -2.409           0.016
L2.nok_strength          0.178754         0.073680            2.426           0.015
L2.sek_strength         -0.119963         0.075381           -1.591           0.112
L3.oil_ret               0.000013         0.013009            0.001           0.999
L3.nok_strength         -0.153691         0.073695           -2.086           0.037
L3.sek_strength          0.158229         0.075409            2.098           0.036
L4.oil_ret               0.018162         0.013017            1.395           0.163
L4.nok_strength          0.153501         0.073744            2.082           0.037
L4.sek_strength         -0.080050         0.075412           -1.061           0.288
L5.oil_ret              -0.008159         0.013015           -0.627           0.531
L5.nok_strength         -0.121857         0.073753           -1.652           0.098
L5.sek_strength          0.070627         0.075409            0.937           0.349
L6.oil_ret              -0.016940         0.013021           -1.301           0.193
L6.nok_strength          0.186749         0.073754            2.532           0.011
L6.sek_strength         -0.130374         0.075400           -1.729           0.084
L7.oil_ret              -0.009260         0.013018           -0.711           0.477
L7.nok_strength          0.168712         0.073755            2.287           0.022
L7.sek_strength         -0.146978         0.075384           -1.950           0.051
L8.oil_ret               0.031469         0.012990            2.423           0.015
L8.nok_strength         -0.109563         0.073731           -1.486           0.137
L8.sek_strength          0.070407         0.075376            0.934           0.350
L9.oil_ret               0.019686         0.012982            1.516           0.129
L9.nok_strength          0.055022         0.073776            0.746           0.456
L9.sek_strength          0.022725         0.075423            0.301           0.763
L10.oil_ret             -0.038108         0.012990           -2.934           0.003
L10.nok_strength         0.133864         0.073770            1.815           0.070
L10.sek_strength        -0.083175         0.075402           -1.103           0.270
L11.oil_ret             -0.033024         0.012991           -2.542           0.011
L11.nok_strength        -0.027025         0.073778           -0.366           0.714
L11.sek_strength         0.006957         0.075411            0.092           0.926
L12.oil_ret              0.056696         0.012993            4.364           0.000
L12.nok_strength        -0.003898         0.073728           -0.053           0.958
L12.sek_strength        -0.000511         0.075401           -0.007           0.995
L13.oil_ret              0.072676         0.013008            5.587           0.000
L13.nok_strength        -0.197978         0.073747           -2.685           0.007
L13.sek_strength         0.172207         0.075409            2.284           0.022
L14.oil_ret              0.019529         0.013040            1.498           0.134
L14.nok_strength         0.077588         0.073742            1.052           0.293
L14.sek_strength         0.000630         0.075407            0.008           0.993
L15.oil_ret              0.019098         0.013040            1.465           0.143
L15.nok_strength         0.016561         0.073761            0.225           0.822
L15.sek_strength        -0.035609         0.075422           -0.472           0.637
L16.oil_ret              0.023978         0.013081            1.833           0.067
L16.nok_strength        -0.177292         0.073785           -2.403           0.016
L16.sek_strength         0.120677         0.075435            1.600           0.110
L17.oil_ret             -0.003919         0.013069           -0.300           0.764
L17.nok_strength        -0.012033         0.073848           -0.163           0.871
L17.sek_strength         0.077938         0.075493            1.032           0.302
L18.oil_ret             -0.033543         0.013070           -2.566           0.010
L18.nok_strength        -0.010830         0.073824           -0.147           0.883
L18.sek_strength         0.038140         0.075456            0.505           0.613
L19.oil_ret             -0.006396         0.013070           -0.489           0.625
L19.nok_strength        -0.055800         0.073834           -0.756           0.450
L19.sek_strength         0.147708         0.075452            1.958           0.050
L20.oil_ret             -0.039694         0.013062           -3.039           0.002
L20.nok_strength         0.399693         0.073611            5.430           0.000
L20.sek_strength        -0.266217         0.075330           -3.534           0.000
===================================================================================

Results for equation nok_strength
===================================================================================
                      coefficient       std. error           t-stat            prob
-----------------------------------------------------------------------------------
const                   -0.000026         0.000096           -0.266           0.790
L1.oil_ret               0.012101         0.003784            3.198           0.001
L1.nok_strength         -0.033618         0.021459           -1.567           0.117
L1.sek_strength          0.022915         0.021963            1.043           0.297
L2.oil_ret               0.003608         0.003792            0.951           0.341
L2.nok_strength          0.015080         0.021488            0.702           0.483
L2.sek_strength         -0.052665         0.021984           -2.396           0.017
L3.oil_ret               0.002676         0.003794            0.705           0.481
L3.nok_strength         -0.017705         0.021492           -0.824           0.410
L3.sek_strength          0.021198         0.021992            0.964           0.335
L4.oil_ret               0.007819         0.003796            2.059           0.039
L4.nok_strength         -0.028881         0.021506           -1.343           0.179
L4.sek_strength          0.032456         0.021993            1.476           0.140
L5.oil_ret               0.001687         0.003796            0.444           0.657
L5.nok_strength         -0.045366         0.021509           -2.109           0.035
L5.sek_strength          0.028504         0.021992            1.296           0.195
L6.oil_ret              -0.008409         0.003797           -2.214           0.027
L6.nok_strength          0.007797         0.021509            0.362           0.717
L6.sek_strength         -0.010487         0.021989           -0.477           0.633
L7.oil_ret              -0.006586         0.003797           -1.735           0.083
L7.nok_strength          0.005806         0.021510            0.270           0.787
L7.sek_strength          0.009988         0.021985            0.454           0.650
L8.oil_ret               0.001436         0.003788            0.379           0.705
L8.nok_strength         -0.069162         0.021503           -3.216           0.001
L8.sek_strength          0.064625         0.021982            2.940           0.003
L9.oil_ret               0.013692         0.003786            3.617           0.000
L9.nok_strength          0.004538         0.021516            0.211           0.833
L9.sek_strength         -0.014082         0.021996           -0.640           0.522
L10.oil_ret              0.002907         0.003788            0.767           0.443
L10.nok_strength         0.006852         0.021514            0.318           0.750
L10.sek_strength        -0.035747         0.021990           -1.626           0.104
L11.oil_ret             -0.002767         0.003789           -0.730           0.465
L11.nok_strength         0.001532         0.021516            0.071           0.943
L11.sek_strength         0.000898         0.021993            0.041           0.967
L12.oil_ret              0.006965         0.003789            1.838           0.066
L12.nok_strength        -0.031481         0.021502           -1.464           0.143
L12.sek_strength         0.025348         0.021990            1.153           0.249
L13.oil_ret             -0.000759         0.003794           -0.200           0.841
L13.nok_strength        -0.003300         0.021507           -0.153           0.878
L13.sek_strength        -0.012668         0.021992           -0.576           0.565
L14.oil_ret              0.004123         0.003803            1.084           0.278
L14.nok_strength        -0.011783         0.021506           -0.548           0.584
L14.sek_strength         0.023407         0.021991            1.064           0.287
L15.oil_ret              0.004421         0.003803            1.162           0.245
L15.nok_strength        -0.022508         0.021511           -1.046           0.295
L15.sek_strength         0.008809         0.021996            0.400           0.689
L16.oil_ret              0.004255         0.003815            1.115           0.265
L16.nok_strength         0.026264         0.021518            1.221           0.222
L16.sek_strength        -0.009260         0.021999           -0.421           0.674
L17.oil_ret             -0.000539         0.003811           -0.141           0.887
L17.nok_strength         0.001658         0.021537            0.077           0.939
L17.sek_strength        -0.019750         0.022016           -0.897           0.370
L18.oil_ret             -0.003692         0.003812           -0.969           0.333
L18.nok_strength        -0.042536         0.021530           -1.976           0.048
L18.sek_strength         0.028274         0.022006            1.285           0.199
L19.oil_ret             -0.002873         0.003812           -0.754           0.451
L19.nok_strength         0.027318         0.021533            1.269           0.205
L19.sek_strength        -0.000295         0.022004           -0.013           0.989
L20.oil_ret             -0.008863         0.003809           -2.327           0.020
L20.nok_strength         0.010319         0.021468            0.481           0.631
L20.sek_strength         0.025396         0.021969            1.156           0.248
===================================================================================

Results for equation sek_strength
===================================================================================
                      coefficient       std. error           t-stat            prob
-----------------------------------------------------------------------------------
const                   -0.000012         0.000091           -0.136           0.892
L1.oil_ret               0.000778         0.003605            0.216           0.829
L1.nok_strength         -0.003295         0.020446           -0.161           0.872
L1.sek_strength         -0.012722         0.020926           -0.608           0.543
L2.oil_ret               0.006224         0.003613            1.723           0.085
L2.nok_strength          0.000214         0.020473            0.010           0.992
L2.sek_strength         -0.037703         0.020946           -1.800           0.072
L3.oil_ret               0.001472         0.003615            0.407           0.684
L3.nok_strength          0.022385         0.020477            1.093           0.274
L3.sek_strength         -0.013828         0.020954           -0.660           0.509
L4.oil_ret               0.002743         0.003617            0.758           0.448
L4.nok_strength         -0.017600         0.020491           -0.859           0.390
L4.sek_strength          0.015676         0.020955            0.748           0.454
L5.oil_ret               0.000106         0.003616            0.029           0.977
L5.nok_strength         -0.028080         0.020494           -1.370           0.171
L5.sek_strength          0.003649         0.020954            0.174           0.862
L6.oil_ret              -0.004921         0.003618           -1.360           0.174
L6.nok_strength          0.003167         0.020494            0.155           0.877
L6.sek_strength          0.000083         0.020951            0.004           0.997
L7.oil_ret              -0.001023         0.003617           -0.283           0.777
L7.nok_strength          0.012616         0.020494            0.616           0.538
L7.sek_strength          0.008889         0.020947            0.424           0.671
L8.oil_ret              -0.002225         0.003609           -0.616           0.538
L8.nok_strength         -0.065964         0.020487           -3.220           0.001
L8.sek_strength          0.063069         0.020945            3.011           0.003
L9.oil_ret               0.009101         0.003607            2.523           0.012
L9.nok_strength         -0.010682         0.020500           -0.521           0.602
L9.sek_strength         -0.004628         0.020958           -0.221           0.825
L10.oil_ret              0.001809         0.003609            0.501           0.616
L10.nok_strength         0.008698         0.020498            0.424           0.671
L10.sek_strength        -0.045011         0.020952           -2.148           0.032
L11.oil_ret              0.000381         0.003610            0.105           0.916
L11.nok_strength         0.004888         0.020500            0.238           0.812
L11.sek_strength         0.012412         0.020954            0.592           0.554
L12.oil_ret              0.004931         0.003610            1.366           0.172
L12.nok_strength        -0.007684         0.020487           -0.375           0.708
L12.sek_strength         0.005435         0.020952            0.259           0.795
L13.oil_ret              0.000469         0.003614            0.130           0.897
L13.nok_strength         0.013674         0.020492            0.667           0.505
L13.sek_strength        -0.014406         0.020954           -0.688           0.492
L14.oil_ret              0.001278         0.003623            0.353           0.724
L14.nok_strength         0.016901         0.020491            0.825           0.409
L14.sek_strength         0.003288         0.020953            0.157           0.875
L15.oil_ret              0.001460         0.003624            0.403           0.687
L15.nok_strength         0.012151         0.020496            0.593           0.553
L15.sek_strength        -0.020309         0.020957           -0.969           0.333
L16.oil_ret              0.003450         0.003635            0.949           0.343
L16.nok_strength        -0.008690         0.020503           -0.424           0.672
L16.sek_strength         0.027472         0.020961            1.311           0.190
L17.oil_ret              0.001174         0.003632            0.323           0.746
L17.nok_strength        -0.014595         0.020520           -0.711           0.477
L17.sek_strength        -0.005292         0.020977           -0.252           0.801
L18.oil_ret              0.000170         0.003632            0.047           0.963
L18.nok_strength        -0.040115         0.020513           -1.956           0.051
L18.sek_strength         0.022830         0.020967            1.089           0.276
L19.oil_ret             -0.001534         0.003632           -0.422           0.673
L19.nok_strength         0.026889         0.020516            1.311           0.190
L19.sek_strength        -0.000855         0.020966           -0.041           0.967
L20.oil_ret             -0.011165         0.003630           -3.076           0.002
L20.nok_strength         0.017921         0.020454            0.876           0.381
L20.sek_strength         0.002448         0.020932            0.117           0.907
===================================================================================

Correlation matrix of residuals
                 oil_ret  nok_strength  sek_strength
oil_ret         1.000000      0.270707      0.159197
nok_strength    0.270707      1.000000      0.801432
sek_strength    0.159197      0.801432      1.000000


